1.489	0.296018	30.824740517276	30.492822674724	0.000000001834	1.10088	//0.500001
1.626	0.307237	32.149840116192	31.917506265309	0.000000003383	1.14821
1.782	0	34.195304512467	32.897166269813	0.000000001646	1.22126
1.394	0.300276	31.408482328607	31.072640971562	0.000000000516	1.12173	//0.51
1.498	0.310725	32.587350835089	32.174997879960	0.000000000690	1.16383
1.669	0	34.172181565883	34.182321103668	0.000000002197	1.22044
1.293	0.307093	32.215871076343	31.898310655502	0.000000002251	1.15057	//0.55
1.412	0.320098	33.661658420998	33.338683250286	0.000000000214	1.2022
1.583	0	35.198639930075	35.732758609586	0.000000001609	1.25709
1.272	0.317893	33.539850621463	33.160094001935	0.000000000963	1.19785	//0.6
1.349	0.326928	34.537817440180	34.161767977266	0.000000000415	1.23349
1.536	0	36.884501504262	36.431030887532	0.000000001657	1.3173
1.230	0.32462	34.615123757075	34.278575944817	0.000000001296	1.23625	//0.(6)
1.311	0.33415	35.775638860141	35.356701521902	0.000000003139	1.2777
1.493	0	38.373711436436	37.513775599607	0.000000000596	1.37049
1.199	0.339539	36.923313633454	36.544374573831	0.000000010757	1.31869	//0.8
1.479	0	41.262404541473	40.342011483174	0.000000004894	1.47366
1.159	0.375837	39.878853990502	39.478488713270	0.000000001969	1.42424	//1
1.444	0	43.821939405366	44.755963873590	0.000000000785	1.56507
1.134	0.370096	42.740061838584	42.314594965532	0.000000002844	1.52643	//1.2
1.415	0	47.611133308539	47.376389177133	0.000000017985	1.7004	
1.102	0.385744	46.807887187760	46.344475972263	0.000000001744	1.67171	//1.5
1.378	0	52.575223454626	51.602588462489	0.000000004817	1.87769
1.070	0.406738	53.604167533176	53.067764422060	0.000000003159	1.91443	//2
1.366	0	61.128999575029	59.409670093185	0.000000003242	2.18318
1.037	0.434076	67.254992349890	66.554870191769	0.000000002563	2.40196	//3
1.342	0	76.825645170004	75.370688997807	0.000000005313	2.74377
1.018	0.467406	94.994265172538	94.020783417728	0.000000002240	3.39265	//5
1.319	0	107.708335333913	107.413842513666	0.000000000500	3.84673
