1.162	-0.00000663071410794	19.96649020782597006	19.76729878114132077	-0.00130871672954688	//N=56
1.416	0.00000608005401610	22.11600524268617463	21.91158136553568880	1.83114334454631145
1.160	-0.00000187677021316	39.89452402360939232	39.49188921569118094	-0.00075774265948706	//N=224
1.410	-0.00000047574933137	43.99534206036383210	43.52983036466606137	-0.01212708919660215
1.159	0.00000071427990289	59.81468117933863482	59.21245942199750090	0.00249732678766075	//N=504
1.410	-0.00000069636130387	65.98644135792700638	65.31379658326029869	-0.01946696968417483
1.158	0.00000045388701571	74.03151592459514063	73.98028254253992486	0.00167959956331864	//N=780
1.412	0.00000007096490646	81.79921632824392930	81.67108329946199774	0.00552219067634395
1.158	0.00000041980873553	79.74102871527166769	78.92627939893031908	-0.00049968690259617	//N=896
1.409	0.00000052844313534	87.93966237505078709	87.08053483896948421	0.01286383398585775
1.162	0.3572287329539064	19.96649020782597006	19.76729878114132077	-0.00130871672954688	//N=56
1.416	0.3059199262043074	22.11600524268617463	21.91158136553568880	1.83114334454631145
1.160	0.35649955593089444	39.89452402360939232	39.49188921569118094	-0.00075774265948706	//N=224
1.410	0.3145704673272912	43.99534206036383210	43.52983036466606137	-0.01212708919660215
1.159	0.3562480980191193	59.81468117933863482	59.21245942199750090	0.00249732678766075	//N=504
1.410	0.3141551219246669	65.98644135792700638	65.31379658326029869	-0.01946696968417483
1.158	0.35597361781343606	74.03151592459514063	73.98028254253992486	0.00167959956331864	//N=780
1.412	0.31391279769438274	81.79921632824392930	81.67108329946199774	0.00552219067634395
1.158	0.3561686241430351	79.74102871527166769	78.92627939893031908	-0.00049968690259617	//N=896
1.409	0.31449813487586287	87.93966237505078709	87.08053483896948421	0.01286383398585775
